Index	X	Y	Z	cost	equivalent_radius	branch_id	vadose_flag
1	608.498	583.364	355.684	0.1787562370	0.0000000000	0.0000000000	0.0000000000
1	592.9890136719	586.6644897461	357.0499877930	0.1787562370	0.0000000000	1.0000000000	0.0000000000
2	592.9890136719	586.6644897461	357.0499877930	0.1787562370	0.0000000000	1.0000000000	0.0000000000
2	587.3535156250	588.8375244141	357.3049926758	0.0836944580	0.0000000000	2.0000000000	0.0000000000
3	592.9890136719	586.6644897461	357.0499877930	0.1787562370	0.0000000000	1.0000000000	0.0000000000
3	578.1740112305	576.5009765625	357.7210083008	0.2216272354	0.0000000000	3.0000000000	0.0000000000
4	587.3535156250	588.8375244141	357.3049926758	0.0836944580	0.0000000000	2.0000000000	0.0000000000
4	575.4200439453	595.5549926758	357.8450012207	0.1900100708	0.0000000000	2.0000000000	0.0000000000
5	575.4200439453	595.5549926758	357.8450012207	0.1900100708	0.0000000000	2.0000000000	0.0000000000
5	561.8787841797	601.5164184570	358.3484802246	0.2066082954	0.0000000000	2.0000000000	0.0000000000
6	561.8787841797	601.5164184570	358.3484802246	0.2066082954	0.0000000000	2.0000000000	0.0000000000
6	545.1430053711	607.7730102539	359.2160034180	0.2480735779	0.0000000000	2.0000000000	0.0000000000
7	545.1430053711	607.7730102539	359.2160034180	0.2480735779	0.0000000000	2.0000000000	0.0000000000
7	535.6574707031	603.3399658203	359.6450195312	0.1290984154	0.0000000000	4.0000000000	0.0000000000
8	545.1430053711	607.7730102539	359.2160034180	0.2480735779	0.0000000000	2.0000000000	0.0000000000
8	535.0319824219	616.3649902344	359.6735229492	0.2272388935	0.0000000000	5.0000000000	0.0000000000
9	535.6574707031	603.3399658203	359.6450195312	0.1290984154	0.0000000000	4.0000000000	0.0000000000
9	526.1719970703	598.9069824219	360.0740051270	0.1290974617	0.0000000000	4.0000000000	0.0000000000
10	526.1719970703	598.9069824219	360.0740051270	0.1290974617	0.0000000000	4.0000000000	0.0000000000
10	519.0591430664	601.8464355469	359.4421997070	0.1253314018	0.0000000000	4.0000000000	0.0000000000
11	519.0591430664	601.8464355469	359.4421997070	0.1253314018	0.0000000000	4.0000000000	0.0000000000
11	507.6190185547	602.2545166016	360.9140014648	0.1777596474	0.0000000000	4.0000000000	0.0000000000
12	507.6190185547	602.2545166016	360.9140014648	0.1777596474	0.0000000000	4.0000000000	0.0000000000
12	489.8039855957	604.7109985352	361.7200012207	0.2773885727	0.0000000000	4.0000000000	0.0000000000
13	489.8039855957	604.7109985352	361.7200012207	0.2773885727	0.0000000000	4.0000000000	0.0000000000
13	472.9949951172	606.6815185547	362.4810180664	0.2610340118	0.0000000000	4.0000000000	0.0000000000
14	472.9949951172	606.6815185547	362.4810180664	0.2610340118	0.0000000000	4.0000000000	0.0000000000
14	456.6340026855	607.5460205078	363.2219848633	0.2526960373	0.0000000000	4.0000000000	0.0000000000
15	456.6340026855	607.5460205078	363.2219848633	0.2526960373	0.0000000000	4.0000000000	0.0000000000
15	440.5629882812	607.8670043945	363.9490051270	0.2479166985	0.0000000000	4.0000000000	0.0000000000
16	440.5629882812	607.8670043945	363.9490051270	0.2479166985	0.0000000000	4.0000000000	0.0000000000
16	426.4284973145	612.0419311523	364.2305297852	0.2318854332	0.0000000000	4.0000000000	0.0000000000
17	426.4284973145	612.0419311523	364.2305297852	0.2318854332	0.0000000000	4.0000000000	0.0000000000
17	412.3740234375	614.0565185547	365.2244873047	0.2192649841	0.0000000000	4.0000000000	0.0000000000
18	412.3740234375	614.0565185547	365.2244873047	0.2192649841	0.0000000000	4.0000000000	0.0000000000
18	408.4830627441	612.0278930664	374.7986450195	0.1507201195	0.0000000000	6.0000000000	1.0000000000
19	412.3740234375	614.0565185547	365.2244873047	0.2192649841	0.0000000000	4.0000000000	0.0000000000
19	407.5468444824	611.5884399414	364.9247131348	0.0770316124	0.0000000000	7.0000000000	0.0000000000
20	408.4830627441	612.0278930664	374.7986450195	0.1507201195	0.0000000000	6.0000000000	1.0000000000
20	408.8864440918	611.0459594727	384.9800109863	0.1755248904	0.0000000000	6.0000000000	1.0000000000
21	408.8864440918	611.0459594727	384.9800109863	0.1755248904	0.0000000000	6.0000000000	1.0000000000
21	407.6907348633	610.4412231445	389.9432373047	0.0714769661	0.0000000000	6.0000000000	1.0000000000
22	407.6907348633	610.4412231445	389.9432373047	0.0714769661	0.0000000000	6.0000000000	1.0000000000
22	407.5666198730	611.9595336914	398.9438171387	0.1206521690	0.0000000000	6.0000000000	1.0000000000
23	407.5666198730	611.9595336914	398.9438171387	0.1206521690	0.0000000000	6.0000000000	1.0000000000
23	404.5363769531	610.2890014648	409.5881652832	0.0901238620	0.0000000000	6.0000000000	1.0000000000
24	404.5363769531	610.2890014648	409.5881652832	0.0901238620	0.0000000000	6.0000000000	1.0000000000
24	409.0054931641	612.7498168945	420.3016662598	0.1599584818	0.0000000000	6.0000000000	1.0000000000
25	409.0054931641	612.7498168945	420.3016662598	0.1599584818	0.0000000000	6.0000000000	1.0000000000
25	411.0933227539	613.8931274414	421.5869445801	0.0634619966	0.0000000000	6.0000000000	1.0000000000
26	578.1740112305	576.5009765625	357.7210083008	0.2216272354	0.0000000000	3.0000000000	0.0000000000
26	565.9500122070	570.3449707031	358.2739868164	0.1688098907	0.0000000000	3.0000000000	0.0000000000
27	565.9500122070	570.3449707031	358.2739868164	0.1688098907	0.0000000000	3.0000000000	0.0000000000
27	554.3024902344	564.5119628906	358.8015136719	0.1606588364	0.0000000000	3.0000000000	0.0000000000
28	554.3024902344	564.5119628906	358.8015136719	0.1606588364	0.0000000000	3.0000000000	0.0000000000
28	547.0659790039	560.1510009766	359.1289978027	0.1041293144	0.0000000000	3.0000000000	0.0000000000
29	547.0659790039	560.1510009766	359.1289978027	0.1041293144	0.0000000000	3.0000000000	0.0000000000
29	538.7379760742	554.8444824219	359.5054931641	0.1217331886	0.0000000000	3.0000000000	0.0000000000
30	538.7379760742	554.8444824219	359.5054931641	0.1217331886	0.0000000000	3.0000000000	0.0000000000
30	530.4099731445	549.5380249023	359.8819885254	0.1217327118	0.0000000000	3.0000000000	0.0000000000
31	530.4099731445	549.5380249023	359.8819885254	0.1217327118	0.0000000000	3.0000000000	0.0000000000
31	529.7924804688	542.0140380859	359.9099731445	0.0929512978	0.0000000000	3.0000000000	0.0000000000
32	529.7924804688	542.0140380859	359.9099731445	0.0929512978	0.0000000000	3.0000000000	0.0000000000
32	521.6829833984	537.3664550781	360.2769775391	0.1152181625	0.0000000000	3.0000000000	0.0000000000
33	521.6829833984	537.3664550781	360.2769775391	0.1152181625	0.0000000000	3.0000000000	0.0000000000
33	513.7374877930	531.9924926758	360.6369934082	0.1182394028	0.0000000000	3.0000000000	0.0000000000
34	513.7374877930	531.9924926758	360.6369934082	0.1182394028	0.0000000000	3.0000000000	0.0000000000
34	505.1074829102	526.4410400391	361.0280151367	0.1265039444	0.0000000000	3.0000000000	0.0000000000
35	505.1074829102	526.4410400391	361.0280151367	0.1265039444	0.0000000000	3.0000000000	0.0000000000
35	494.5625000000	521.5135498047	361.5050048828	0.1435351372	0.0000000000	3.0000000000	0.0000000000
36	494.5625000000	521.5135498047	361.5050048828	0.1435351372	0.0000000000	3.0000000000	0.0000000000
36	480.6685180664	512.7144775391	362.1340026855	0.2028641701	0.0000000000	3.0000000000	0.0000000000
37	480.6685180664	512.7144775391	362.1340026855	0.2028641701	0.0000000000	3.0000000000	0.0000000000
37	468.5429992676	506.3120117188	362.6830139160	0.1691217422	0.0000000000	3.0000000000	0.0000000000
38	468.5429992676	506.3120117188	362.6830139160	0.1691217422	0.0000000000	3.0000000000	0.0000000000
38	464.9891052246	504.3353576660	362.0449829102	0.0535039902	0.0000000000	3.0000000000	0.0000000000
39	464.9891052246	504.3353576660	362.0449829102	0.0535039902	0.0000000000	3.0000000000	0.0000000000
39	452.9335021973	498.1489868164	363.3889770508	0.1678099632	0.0000000000	3.0000000000	0.0000000000
40	452.9335021973	498.1489868164	363.3889770508	0.1678099632	0.0000000000	3.0000000000	0.0000000000
40	438.9960021973	490.6235046387	364.0199890137	0.1953883171	0.0000000000	3.0000000000	0.0000000000
41	438.9960021973	490.6235046387	364.0199890137	0.1953883171	0.0000000000	3.0000000000	0.0000000000
41	433.4700012207	479.0750122070	364.2699890137	0.1972432137	0.0000000000	3.0000000000	0.0000000000
42	433.4700012207	479.0750122070	364.2699890137	0.1972432137	0.0000000000	3.0000000000	0.0000000000
42	425.3517761230	474.6347656250	363.6702270508	0.1220946312	0.0000000000	3.0000000000	0.0000000000
43	425.3517761230	474.6347656250	363.6702270508	0.1220946312	0.0000000000	3.0000000000	0.0000000000
43	410.7112121582	465.8059082031	364.3063659668	0.2258219719	0.0000000000	3.0000000000	0.0000000000
44	410.7112121582	465.8059082031	364.3063659668	0.2258219719	0.0000000000	3.0000000000	0.0000000000
44	407.3733825684	460.5504150391	364.7579040527	0.0998826027	0.0000000000	3.0000000000	0.0000000000
45	407.3733825684	460.5504150391	364.7579040527	0.0998826027	0.0000000000	3.0000000000	0.0000000000
45	397.9165039062	454.1340026855	365.8789978027	0.1414847374	0.0000000000	3.0000000000	0.0000000000
46	397.9165039062	454.1340026855	365.8789978027	0.1414847374	0.0000000000	3.0000000000	0.0000000000
46	382.9244995117	446.8475036621	366.5574951172	0.2284870148	0.0000000000	8.0000000000	0.0000000000
47	397.9165039062	454.1340026855	365.8789978027	0.1414847374	0.0000000000	3.0000000000	0.0000000000
47	397.3040161133	445.0975036621	365.9069824219	0.1239514351	0.0000000000	9.0000000000	0.0000000000
48	382.9244995117	446.8475036621	366.5574951172	0.2284870148	0.0000000000	8.0000000000	0.0000000000
48	375.7969970703	442.4179992676	366.8800048828	0.1149129868	0.0000000000	8.0000000000	0.0000000000
49	375.7969970703	442.4179992676	366.8800048828	0.1149129868	0.0000000000	8.0000000000	0.0000000000
49	364.3337402344	434.6867065430	365.6329345703	0.2131032944	0.0000000000	8.0000000000	0.0000000000
50	364.3337402344	434.6867065430	365.6329345703	0.2131032944	0.0000000000	8.0000000000	0.0000000000
50	349.1311950684	427.4185791016	366.9320983887	0.2503695488	0.0000000000	8.0000000000	0.0000000000
51	349.1311950684	427.4185791016	366.9320983887	0.2503695488	0.0000000000	8.0000000000	0.0000000000
51	344.5343322754	425.0320434570	369.7812500000	0.1017591953	0.0000000000	8.0000000000	0.0000000000
52	344.5343322754	425.0320434570	369.7812500000	0.1017591953	0.0000000000	8.0000000000	0.0000000000
52	331.8251342773	419.0470275879	367.2260742188	0.2176873684	0.0000000000	8.0000000000	0.0000000000
53	331.8251342773	419.0470275879	367.2260742188	0.2176873684	0.0000000000	8.0000000000	0.0000000000
53	318.6807861328	410.2166748047	367.4394226074	0.2465825081	0.0000000000	8.0000000000	0.0000000000
54	318.6807861328	410.2166748047	367.4394226074	0.2465825081	0.0000000000	8.0000000000	0.0000000000
54	309.7003173828	405.0720520020	369.2253723145	0.1505036354	0.0000000000	8.0000000000	0.0000000000
55	309.7003173828	405.0720520020	369.2253723145	0.1505036354	0.0000000000	8.0000000000	0.0000000000
55	301.8695678711	402.0469665527	368.2951660156	0.1596260071	0.0000000000	8.0000000000	0.0000000000
56	301.8695678711	402.0469665527	368.2951660156	0.1596260071	0.0000000000	8.0000000000	0.0000000000
56	294.2774963379	398.3320007324	370.5700073242	0.1197803020	0.0000000000	8.0000000000	0.0000000000
57	294.2774963379	398.3320007324	370.5700073242	0.1197803020	0.0000000000	8.0000000000	0.0000000000
57	283.4302062988	391.0978698730	370.2513427734	0.1889784336	0.0000000000	8.0000000000	0.0000000000
58	283.4302062988	391.0978698730	370.2513427734	0.1889784336	0.0000000000	8.0000000000	0.0000000000
58	271.8045654297	385.3338623047	371.0842895508	0.1845805645	0.0000000000	8.0000000000	0.0000000000
59	271.8045654297	385.3338623047	371.0842895508	0.1845805645	0.0000000000	8.0000000000	0.0000000000
59	255.9261779785	377.3888244629	371.4059753418	0.2589020729	0.0000000000	8.0000000000	0.0000000000
60	255.9261779785	377.3888244629	371.4059753418	0.2589020729	0.0000000000	8.0000000000	0.0000000000
60	245.9204406738	365.5175170898	372.4929199219	0.2706153393	0.0000000000	8.0000000000	0.0000000000
61	245.9204406738	365.5175170898	372.4929199219	0.2706153393	0.0000000000	8.0000000000	0.0000000000
61	239.3557739258	361.2026672363	371.8513793945	0.1169931889	0.0000000000	8.0000000000	0.0000000000
62	239.3557739258	361.2026672363	371.8513793945	0.1169931889	0.0000000000	8.0000000000	0.0000000000
62	238.9181671143	358.5204162598	374.3149414062	0.0708119869	0.0000000000	8.0000000000	0.0000000000
63	238.9181671143	358.5204162598	374.3149414062	0.0708119869	0.0000000000	8.0000000000	0.0000000000
63	223.8919982910	351.4899902344	373.7550048828	0.2273389101	0.0000000000	8.0000000000	0.0000000000
64	223.8919982910	351.4899902344	373.7550048828	0.2273389101	0.0000000000	8.0000000000	0.0000000000
64	211.2319946289	342.9234924316	374.3284912109	0.2094863653	0.0000000000	8.0000000000	0.0000000000
65	211.2319946289	342.9234924316	374.3284912109	0.2094863653	0.0000000000	8.0000000000	0.0000000000
65	198.5720062256	334.3569946289	374.9020080566	0.2094862461	0.0000000000	8.0000000000	0.0000000000
66	198.5720062256	334.3569946289	374.9020080566	0.2094862461	0.0000000000	8.0000000000	0.0000000000
66	186.7470092773	326.3074951172	375.4370117188	0.1960244179	0.0000000000	8.0000000000	0.0000000000
67	186.7470092773	326.3074951172	375.4370117188	0.1960244179	0.0000000000	8.0000000000	0.0000000000
67	174.9219970703	318.2579956055	375.9719848633	0.1960245371	0.0000000000	8.0000000000	0.0000000000
68	174.9219970703	318.2579956055	375.9719848633	0.1960245371	0.0000000000	8.0000000000	0.0000000000
68	159.2591552734	318.5788879395	375.9536437988	0.2794578671	0.0000000000	8.0000000000	0.0000000000
69	159.2591552734	318.5788879395	375.9536437988	0.2794578671	0.0000000000	8.0000000000	0.0000000000
69	144.0176239014	310.3168640137	375.8270568848	0.2628583610	0.0000000000	8.0000000000	0.0000000000
70	144.0176239014	310.3168640137	375.8270568848	0.2628583610	0.0000000000	8.0000000000	0.0000000000
70	130.2850646973	303.6816711426	377.0928344727	0.2230784297	0.0000000000	8.0000000000	0.0000000000
71	130.2850646973	303.6816711426	377.0928344727	0.2230784297	0.0000000000	8.0000000000	0.0000000000
71	127.6959991455	303.9080200195	378.1090087891	0.0562041998	0.0000000000	8.0000000000	1.0000000000
72	127.6959991455	303.9080200195	378.1090087891	0.0562041998	0.0000000000	8.0000000000	1.0000000000
72	129.1179656982	304.7455139160	381.6809387207	0.0562041998	0.0000000000	8.0000000000	1.0000000000
73	129.1179656982	304.7455139160	381.6809387207	0.0562041998	0.0000000000	8.0000000000	1.0000000000
73	130.3562927246	304.8436279297	390.0258483887	0.1449366808	0.0000000000	8.0000000000	1.0000000000
74	130.3562927246	304.8436279297	390.0258483887	0.1449366808	0.0000000000	8.0000000000	1.0000000000
74	132.2762145996	306.0510253906	396.7085266113	0.0990911722	0.0000000000	8.0000000000	1.0000000000
75	132.2762145996	306.0510253906	396.7085266113	0.0990911722	0.0000000000	8.0000000000	1.0000000000
75	132.0872802734	308.4486083984	402.7699279785	0.0923266411	0.0000000000	8.0000000000	1.0000000000
76	132.0872802734	308.4486083984	402.7699279785	0.0923266411	0.0000000000	8.0000000000	1.0000000000
76	131.6049041748	317.0866394043	411.7402648926	0.1926111579	0.0000000000	8.0000000000	1.0000000000
77	131.6049041748	317.0866394043	411.7402648926	0.1926111579	0.0000000000	8.0000000000	1.0000000000
77	130.1656341553	316.3193359375	419.1088256836	0.0910732746	0.0000000000	8.0000000000	1.0000000000
78	130.1656341553	316.3193359375	419.1088256836	0.0910732746	0.0000000000	8.0000000000	1.0000000000
78	128.6393890381	315.4278564453	427.7665100098	0.0712363720	0.0000000000	8.0000000000	1.0000000000
79	128.6393890381	315.4278564453	427.7665100098	0.0712363720	0.0000000000	8.0000000000	1.0000000000
79	130.0059356689	315.5878295898	433.9537963867	0.0985298753	0.0000000000	8.0000000000	1.0000000000
80	130.0059356689	315.5878295898	433.9537963867	0.0985298753	0.0000000000	8.0000000000	1.0000000000
80	134.3322601318	318.2895507812	444.5220031738	0.1686084270	0.0000000000	8.0000000000	1.0000000000
81	134.3322601318	318.2895507812	444.5220031738	0.1686084270	0.0000000000	8.0000000000	1.0000000000
81	137.1961669922	319.6390991211	452.8977661133	0.1264948845	0.0000000000	8.0000000000	1.0000000000
82	137.1961669922	319.6390991211	452.8977661133	0.1264948845	0.0000000000	8.0000000000	1.0000000000
82	137.1187591553	315.2406921387	464.7917480469	0.1790249348	0.0000000000	8.0000000000	1.0000000000
83	137.1187591553	315.2406921387	464.7917480469	0.1790249348	0.0000000000	8.0000000000	1.0000000000
83	137.7108001709	316.7383728027	472.3218078613	0.1855262518	0.0000000000	8.0000000000	1.0000000000
84	407.5468444824	611.5884399414	364.9247131348	0.0770316124	0.0000000000	7.0000000000	0.0000000000
84	397.6948547363	610.7072753906	365.5767211914	0.1727252007	0.0000000000	7.0000000000	0.0000000000
85	397.6948547363	610.7072753906	365.5767211914	0.1727252007	0.0000000000	7.0000000000	0.0000000000
85	392.8616027832	607.4373168945	368.6995849609	0.1144237518	0.0000000000	7.0000000000	0.0000000000
86	392.8616027832	607.4373168945	368.6995849609	0.1144237518	0.0000000000	7.0000000000	0.0000000000
86	379.6588745117	600.0291748047	365.7669677734	0.2253496647	0.0000000000	7.0000000000	0.0000000000
87	379.6588745117	600.0291748047	365.7669677734	0.2253496647	0.0000000000	7.0000000000	0.0000000000
87	365.0764770508	592.8483886719	367.0260925293	0.2288653851	0.0000000000	7.0000000000	0.0000000000
88	365.0764770508	592.8483886719	367.0260925293	0.2288653851	0.0000000000	7.0000000000	0.0000000000
88	357.8359985352	591.9284667969	367.6929931641	0.1253247261	0.0000000000	7.0000000000	0.0000000000
89	357.8359985352	591.9284667969	367.6929931641	0.1253247261	0.0000000000	7.0000000000	0.0000000000
89	344.3724975586	594.9215087891	368.3024902344	0.2363069057	0.0000000000	7.0000000000	0.0000000000
90	344.3724975586	594.9215087891	368.3024902344	0.2363069057	0.0000000000	7.0000000000	0.0000000000
90	331.3580017090	596.7999877930	368.8914794922	0.2252869606	0.0000000000	7.0000000000	0.0000000000
91	331.3580017090	596.7999877930	368.8914794922	0.2252869606	0.0000000000	7.0000000000	0.0000000000
91	318.3204956055	599.7119750977	369.4815063477	0.2288722992	0.0000000000	7.0000000000	0.0000000000
92	318.3204956055	599.7119750977	369.4815063477	0.2288722992	0.0000000000	7.0000000000	0.0000000000
92	307.9007263184	594.5837402344	369.3242797852	0.1662657261	0.0000000000	7.0000000000	0.0000000000
93	307.9007263184	594.5837402344	369.3242797852	0.1662657261	0.0000000000	7.0000000000	0.0000000000
93	300.1735229492	590.7979736328	370.3029785156	0.1185081005	0.0000000000	7.0000000000	0.0000000000
94	300.1735229492	590.7979736328	370.3029785156	0.1185081005	0.0000000000	7.0000000000	0.0000000000
94	291.9690551758	586.6445312500	369.4862670898	0.1369404793	0.0000000000	7.0000000000	0.0000000000
95	291.9690551758	586.6445312500	369.4862670898	0.1369404793	0.0000000000	7.0000000000	0.0000000000
95	286.6567993164	586.3956298828	370.2160034180	0.0954275131	0.0000000000	7.0000000000	0.0000000000
96	286.6567993164	586.3956298828	370.2160034180	0.0954275131	0.0000000000	7.0000000000	0.0000000000
96	281.1199951172	583.1425170898	371.1654968262	0.0887784958	0.0000000000	7.0000000000	0.0000000000
97	281.1199951172	583.1425170898	371.1654968262	0.0887784958	0.0000000000	7.0000000000	0.0000000000
97	269.6214904785	585.7415161133	371.6860046387	0.2019393444	0.0000000000	7.0000000000	0.0000000000
98	269.6214904785	585.7415161133	371.6860046387	0.2019393444	0.0000000000	7.0000000000	0.0000000000
98	257.6264953613	578.7728881836	370.8096618652	0.2091741562	0.0000000000	7.0000000000	0.0000000000
99	257.6264953613	578.7728881836	370.8096618652	0.2091741562	0.0000000000	7.0000000000	0.0000000000
99	243.4185485840	572.0303955078	372.6221923828	0.2208060026	0.0000000000	7.0000000000	0.0000000000
100	243.4185485840	572.0303955078	372.6221923828	0.2208060026	0.0000000000	7.0000000000	0.0000000000
100	225.6849975586	574.8585205078	373.6740112305	0.3079830408	0.0000000000	7.0000000000	0.0000000000
101	225.6849975586	574.8585205078	373.6740112305	0.3079830408	0.0000000000	7.0000000000	0.0000000000
101	219.1816406250	579.3204956055	373.7024230957	0.1370058060	0.0000000000	7.0000000000	0.0000000000
102	219.1816406250	579.3204956055	373.7024230957	0.1370058060	0.0000000000	7.0000000000	0.0000000000
102	204.3476715088	572.1020507812	374.0719909668	0.2353413701	0.0000000000	7.0000000000	0.0000000000
103	204.3476715088	572.1020507812	374.0719909668	0.2353413701	0.0000000000	7.0000000000	0.0000000000
103	190.1824951172	564.4649658203	375.2810058594	0.2210210562	0.0000000000	7.0000000000	0.0000000000
104	190.1824951172	564.4649658203	375.2810058594	0.2210210562	0.0000000000	7.0000000000	0.0000000000
104	172.5769958496	559.9719848633	376.0780029297	0.3113899827	0.0000000000	7.0000000000	0.0000000000
105	172.5769958496	559.9719848633	376.0780029297	0.3113899827	0.0000000000	7.0000000000	0.0000000000
105	167.1464843750	557.2289428711	375.0976867676	0.0915435851	0.0000000000	7.0000000000	0.0000000000
106	167.1464843750	557.2289428711	375.0976867676	0.0915435851	0.0000000000	7.0000000000	0.0000000000
106	154.7395019531	556.3175048828	376.8854980469	0.0624351501	0.0000000000	7.0000000000	1.0000000000
107	154.7395019531	556.3175048828	376.8854980469	0.0624351501	0.0000000000	7.0000000000	1.0000000000
107	156.7518005371	557.2848510742	380.5072021484	0.0624351501	0.0000000000	7.0000000000	1.0000000000
108	156.7518005371	557.2848510742	380.5072021484	0.0624351501	0.0000000000	7.0000000000	1.0000000000
108	157.2796630859	556.5366210938	383.4812316895	0.0539971590	0.0000000000	7.0000000000	1.0000000000
109	157.2796630859	556.5366210938	383.4812316895	0.0539971590	0.0000000000	7.0000000000	1.0000000000
109	155.0705566406	555.3278808594	390.8907470703	0.1099154949	0.0000000000	7.0000000000	1.0000000000
110	155.0705566406	555.3278808594	390.8907470703	0.1099154949	0.0000000000	7.0000000000	1.0000000000
110	153.4255065918	554.2252807617	397.2428894043	0.0930631161	0.0000000000	7.0000000000	1.0000000000
111	153.4255065918	554.2252807617	397.2428894043	0.0930631161	0.0000000000	7.0000000000	1.0000000000
111	153.6392517090	558.7039184570	406.2499084473	0.1449309587	0.0000000000	7.0000000000	1.0000000000
112	153.6392517090	558.7039184570	406.2499084473	0.1449309587	0.0000000000	7.0000000000	1.0000000000
112	153.7301025391	555.0606079102	414.2763366699	0.1253769994	0.0000000000	7.0000000000	1.0000000000
113	153.7301025391	555.0606079102	414.2763366699	0.1253769994	0.0000000000	7.0000000000	1.0000000000
113	157.9947204590	553.2283935547	420.6015014648	0.1348941922	0.0000000000	7.0000000000	1.0000000000
114	157.9947204590	553.2283935547	420.6015014648	0.1348941922	0.0000000000	7.0000000000	1.0000000000
114	158.1148376465	555.5137939453	431.1816406250	0.0915591121	0.0000000000	7.0000000000	1.0000000000
115	158.1148376465	555.5137939453	431.1816406250	0.0915591121	0.0000000000	7.0000000000	1.0000000000
115	156.1362457275	553.4481201172	436.1672668457	0.0913205743	0.0000000000	7.0000000000	1.0000000000
116	156.1362457275	553.4481201172	436.1672668457	0.0913205743	0.0000000000	7.0000000000	1.0000000000
116	155.8336944580	548.3849487305	447.1310424805	0.1729300022	0.0000000000	7.0000000000	1.0000000000
117	155.8336944580	548.3849487305	447.1310424805	0.1729300022	0.0000000000	7.0000000000	1.0000000000
117	155.7872619629	547.6928100586	450.2679748535	0.0443463326	0.0000000000	7.0000000000	1.0000000000
118	155.7872619629	547.6928100586	450.2679748535	0.0443463326	0.0000000000	7.0000000000	1.0000000000
118	157.0192413330	547.0701293945	452.6493225098	0.0494303703	0.0000000000	7.0000000000	1.0000000000
119	157.0192413330	547.0701293945	452.6493225098	0.0494303703	0.0000000000	7.0000000000	1.0000000000
119	159.4207000732	546.2090454102	462.8805541992	0.1825682670	0.0000000000	7.0000000000	1.0000000000
120	159.4207000732	546.2090454102	462.8805541992	0.1825682670	0.0000000000	7.0000000000	1.0000000000
120	157.1609802246	544.7370605469	474.8090820312	0.1695007533	0.0000000000	7.0000000000	1.0000000000
121	397.3040161133	445.0975036621	365.9069824219	0.1239514351	0.0000000000	9.0000000000	0.0000000000
121	391.5200195312	442.1840209961	366.1684875488	0.0886421204	0.0000000000	9.0000000000	0.0000000000
122	391.5200195312	442.1840209961	366.1684875488	0.0886421204	0.0000000000	9.0000000000	0.0000000000
122	384.3925170898	437.7545166016	366.4909973145	0.1149129868	0.0000000000	9.0000000000	0.0000000000
123	384.3925170898	437.7545166016	366.4909973145	0.1149129868	0.0000000000	9.0000000000	0.0000000000
123	383.6000061035	424.8500061035	366.5270080566	0.1770262718	0.0000000000	9.0000000000	0.0000000000
124	383.6000061035	424.8500061035	366.5270080566	0.1770262718	0.0000000000	9.0000000000	0.0000000000
124	380.2186279297	422.5193176270	365.3648376465	0.0636725426	0.0000000000	9.0000000000	0.0000000000
125	380.2186279297	422.5193176270	365.3648376465	0.0636725426	0.0000000000	9.0000000000	0.0000000000
125	379.7879943848	411.7850036621	366.7000122070	0.1481928825	0.0000000000	9.0000000000	0.0000000000
126	379.7879943848	411.7850036621	366.7000122070	0.1481928825	0.0000000000	9.0000000000	0.0000000000
126	379.3900146484	405.0095214844	366.7180175781	0.0928311348	0.0000000000	9.0000000000	0.0000000000
127	379.3900146484	405.0095214844	366.7180175781	0.0928311348	0.0000000000	9.0000000000	0.0000000000
127	379.4414978027	391.2114868164	366.7155151367	0.1889424324	0.0000000000	9.0000000000	0.0000000000
128	379.4414978027	391.2114868164	366.7155151367	0.1889424324	0.0000000000	9.0000000000	0.0000000000
128	380.6348571777	377.2049255371	366.4527587891	0.1955051422	0.0000000000	9.0000000000	0.0000000000
129	380.6348571777	377.2049255371	366.4527587891	0.1955051422	0.0000000000	9.0000000000	0.0000000000
129	377.1008300781	371.7123413086	365.3680114746	0.1223473549	0.0000000000	9.0000000000	0.0000000000
130	377.1008300781	371.7123413086	365.3680114746	0.1223473549	0.0000000000	9.0000000000	0.0000000000
130	377.0914916992	365.1309814453	366.8215026855	0.0921835899	0.0000000000	9.0000000000	0.0000000000
131	377.0914916992	365.1309814453	366.8215026855	0.0921835899	0.0000000000	9.0000000000	0.0000000000
131	367.1072998047	358.8188171387	367.1014099121	0.1638305187	0.0000000000	9.0000000000	0.0000000000
132	367.1072998047	358.8188171387	367.1014099121	0.1638305187	0.0000000000	9.0000000000	0.0000000000
132	367.0725097656	355.9929809570	367.2750244141	0.0386016369	0.0000000000	9.0000000000	0.0000000000
133	367.0725097656	355.9929809570	367.2750244141	0.0386016369	0.0000000000	9.0000000000	0.0000000000
133	357.7877197266	351.5373840332	366.8278503418	0.1498775482	0.0000000000	9.0000000000	0.0000000000
134	357.7877197266	351.5373840332	366.8278503418	0.1498775482	0.0000000000	9.0000000000	0.0000000000
134	357.8115234375	347.5175170898	367.6940002441	0.0561599731	0.0000000000	9.0000000000	0.0000000000
135	357.8115234375	347.5175170898	367.6940002441	0.0561599731	0.0000000000	9.0000000000	0.0000000000
135	347.8107910156	341.4345397949	368.0278930664	0.1617376804	0.0000000000	9.0000000000	0.0000000000
136	347.8107910156	341.4345397949	368.0278930664	0.1617376804	0.0000000000	9.0000000000	0.0000000000
136	340.3154907227	330.9840087891	368.4860229492	0.2202513218	0.0000000000	9.0000000000	0.0000000000
137	340.3154907227	330.9840087891	368.4860229492	0.2202513218	0.0000000000	9.0000000000	0.0000000000
137	339.5297546387	330.2477416992	368.7064208984	0.0245058537	0.0000000000	9.0000000000	0.0000000000
138	339.5297546387	330.2477416992	368.7064208984	0.0245058537	0.0000000000	9.0000000000	0.0000000000
138	338.8276367188	321.3181457520	368.5359802246	0.1227605343	0.0000000000	9.0000000000	0.0000000000
139	338.8276367188	321.3181457520	368.5359802246	0.1227605343	0.0000000000	9.0000000000	0.0000000000
139	338.4468994141	310.3214416504	368.2798461914	0.1539049149	0.0000000000	9.0000000000	0.0000000000
140	338.4468994141	310.3214416504	368.2798461914	0.1539049149	0.0000000000	9.0000000000	0.0000000000
140	338.6699523926	297.2123413086	368.4245910645	0.1813502312	0.0000000000	9.0000000000	0.0000000000
141	338.6699523926	297.2123413086	368.4245910645	0.1813502312	0.0000000000	9.0000000000	0.0000000000
141	332.6364746094	288.8724975586	368.8334960938	0.1762619019	0.0000000000	9.0000000000	0.0000000000
142	332.6364746094	288.8724975586	368.8334960938	0.1762619019	0.0000000000	9.0000000000	0.0000000000
142	331.4261779785	286.4411621094	367.3910827637	0.0567920208	0.0000000000	9.0000000000	0.0000000000
143	331.4261779785	286.4411621094	367.3910827637	0.0567920208	0.0000000000	9.0000000000	0.0000000000
143	330.5561523438	276.4194641113	367.7496643066	0.1492359638	0.0000000000	9.0000000000	0.0000000000
144	330.5561523438	276.4194641113	367.7496643066	0.1492359638	0.0000000000	9.0000000000	0.0000000000
144	330.7227783203	265.7004699707	367.1776428223	0.1645240784	0.0000000000	9.0000000000	0.0000000000
145	330.7227783203	265.7004699707	367.1776428223	0.1645240784	0.0000000000	9.0000000000	0.0000000000
145	330.0608215332	256.9402160645	367.6752624512	0.1312015057	0.0000000000	9.0000000000	0.0000000000
146	330.0608215332	256.9402160645	367.6752624512	0.1312015057	0.0000000000	9.0000000000	0.0000000000
146	324.6535034180	249.8784942627	369.1950073242	0.1543536186	0.0000000000	9.0000000000	0.0000000000
147	324.6535034180	249.8784942627	369.1950073242	0.1543536186	0.0000000000	9.0000000000	0.0000000000
147	324.5345153809	246.9055633545	368.3689270020	0.0446341038	0.0000000000	9.0000000000	0.0000000000
148	324.5345153809	246.9055633545	368.3689270020	0.0446341038	0.0000000000	9.0000000000	0.0000000000
148	318.9337463379	243.1468353271	368.1769104004	0.1005703211	0.0000000000	9.0000000000	0.0000000000
149	318.9337463379	243.1468353271	368.1769104004	0.1005703211	0.0000000000	9.0000000000	0.0000000000
149	319.7300109863	231.4420013428	369.4179992676	0.1615142822	0.0000000000	9.0000000000	0.0000000000
150	319.7300109863	231.4420013428	369.4179992676	0.1615142822	0.0000000000	9.0000000000	0.0000000000
150	319.4125671387	218.6968383789	369.2989196777	0.1763025522	0.0000000000	9.0000000000	0.0000000000
151	319.4125671387	218.6968383789	369.2989196777	0.1763025522	0.0000000000	9.0000000000	0.0000000000
151	310.0019226074	213.2053680420	368.6775817871	0.1618502140	0.0000000000	9.0000000000	0.0000000000
152	310.0019226074	213.2053680420	368.6775817871	0.1618502140	0.0000000000	9.0000000000	0.0000000000
152	309.4695129395	206.9625091553	368.9164428711	0.0916537046	0.0000000000	9.0000000000	0.0000000000
153	309.4695129395	206.9625091553	368.9164428711	0.0916537046	0.0000000000	9.0000000000	0.0000000000
153	308.9241638184	195.5876922607	368.1735839844	0.1748194695	0.0000000000	9.0000000000	0.0000000000
154	308.9241638184	195.5876922607	368.1735839844	0.1748194695	0.0000000000	9.0000000000	0.0000000000
154	308.4735107422	184.2015075684	369.9274902344	0.1578394771	0.0000000000	9.0000000000	0.0000000000
155	308.4735107422	184.2015075684	369.9274902344	0.1578394771	0.0000000000	9.0000000000	0.0000000000
155	309.4530029297	172.2640075684	369.8829956055	0.1639866829	0.0000000000	9.0000000000	0.0000000000
156	309.4530029297	172.2640075684	369.8829956055	0.1639866829	0.0000000000	9.0000000000	0.0000000000
156	309.8424987793	160.5020141602	369.8654785156	0.1611181498	0.0000000000	9.0000000000	0.0000000000
157	309.8424987793	160.5020141602	369.8654785156	0.1611181498	0.0000000000	9.0000000000	0.0000000000
157	310.2319946289	148.7400054932	369.8479919434	0.1611183882	0.0000000000	9.0000000000	0.0000000000
158	310.2319946289	148.7400054932	369.8479919434	0.1611183882	0.0000000000	9.0000000000	0.0000000000
158	310.0639953613	137.1970062256	369.8554992676	0.1580442488	0.0000000000	9.0000000000	0.0000000000
159	310.0639953613	137.1970062256	369.8554992676	0.1580442488	0.0000000000	9.0000000000	0.0000000000
159	309.8959960938	125.6539993286	369.8630065918	0.1580443680	0.0000000000	9.0000000000	0.0000000000
160	309.8959960938	125.6539993286	369.8630065918	0.1580443680	0.0000000000	9.0000000000	0.0000000000
160	309.2495117188	114.4235000610	369.8919982910	0.1549410820	0.0000000000	9.0000000000	1.0000000000
161	309.2495117188	114.4235000610	369.8919982910	0.1549410820	0.0000000000	9.0000000000	1.0000000000
161	307.9587402344	113.6925048828	381.0628356934	0.1549410820	0.0000000000	9.0000000000	1.0000000000
162	307.9587402344	113.6925048828	381.0628356934	0.1549410820	0.0000000000	9.0000000000	1.0000000000
162	308.0364074707	118.0275726318	390.5212402344	0.1489018202	0.0000000000	9.0000000000	1.0000000000
163	308.0364074707	118.0275726318	390.5212402344	0.1489018202	0.0000000000	9.0000000000	1.0000000000
163	308.3478698730	117.3533477783	401.7840270996	0.1933192015	0.0000000000	9.0000000000	1.0000000000
164	308.3478698730	117.3533477783	401.7840270996	0.1933192015	0.0000000000	9.0000000000	1.0000000000
164	307.5445251465	116.9142074585	408.9808959961	0.0996387005	0.0000000000	9.0000000000	1.0000000000
165	307.5445251465	116.9142074585	408.9808959961	0.0996387005	0.0000000000	9.0000000000	1.0000000000
165	302.9344787598	119.1834716797	417.6460876465	0.1762435436	0.0000000000	9.0000000000	1.0000000000
166	302.9344787598	119.1834716797	417.6460876465	0.1762435436	0.0000000000	9.0000000000	1.0000000000
166	304.8436889648	120.3221435547	427.3752441406	0.0826864243	0.0000000000	9.0000000000	1.0000000000
167	304.8436889648	120.3221435547	427.3752441406	0.0826864243	0.0000000000	9.0000000000	1.0000000000
167	304.0584716797	119.9092712402	434.2344360352	0.0764201880	0.0000000000	9.0000000000	1.0000000000
168	304.0584716797	119.9092712402	434.2344360352	0.0764201880	0.0000000000	9.0000000000	1.0000000000
168	303.6297302246	114.4159164429	441.7673339844	0.1363201737	0.0000000000	9.0000000000	1.0000000000
169	303.6297302246	114.4159164429	441.7673339844	0.1363201737	0.0000000000	9.0000000000	1.0000000000
169	302.5185241699	113.1937789917	444.7532348633	0.0607467294	0.0000000000	9.0000000000	1.0000000000
170	302.5185241699	113.1937789917	444.7532348633	0.0607467294	0.0000000000	9.0000000000	1.0000000000
170	300.6711120605	112.2591552734	454.7732238770	0.1414990425	0.0000000000	9.0000000000	1.0000000000
171	300.6711120605	112.2591552734	454.7732238770	0.1414990425	0.0000000000	9.0000000000	1.0000000000
171	298.5090026855	110.8624114990	465.4513854980	0.1524580717	0.0000000000	9.0000000000	1.0000000000
172	298.5090026855	110.8624114990	465.4513854980	0.1524580717	0.0000000000	9.0000000000	1.0000000000
172	297.1186218262	106.9473495483	475.2462463379	0.1878343672	0.0000000000	9.0000000000	1.0000000000
173	297.1186218262	106.9473495483	475.2462463379	0.1878343672	0.0000000000	9.0000000000	1.0000000000
173	299.7950134277	108.1900024414	482.5809936523	0.1932047755	0.0000000000	9.0000000000	1.0000000000
174	535.0319824219	616.3649902344	359.6735229492	0.2272388935	0.0000000000	5.0000000000	0.0000000000
174	524.9210205078	624.9569702148	360.1310119629	0.2272379398	0.0000000000	5.0000000000	0.0000000000
175	524.9210205078	624.9569702148	360.1310119629	0.2272379398	0.0000000000	5.0000000000	0.0000000000
175	515.2935180664	633.3535156250	360.5665283203	0.2187664509	0.0000000000	5.0000000000	0.0000000000
176	515.2935180664	633.3535156250	360.5665283203	0.2187664509	0.0000000000	5.0000000000	0.0000000000
176	505.6659851074	641.7500000000	361.0020141602	0.2187662125	0.0000000000	5.0000000000	0.0000000000
177	505.6659851074	641.7500000000	361.0020141602	0.2187662125	0.0000000000	5.0000000000	0.0000000000
177	496.4035034180	650.0784912109	361.4215087891	0.2133042812	0.0000000000	5.0000000000	0.0000000000
178	496.4035034180	650.0784912109	361.4215087891	0.2133042812	0.0000000000	5.0000000000	0.0000000000
178	487.1409912109	658.4069824219	361.8410034180	0.2133045197	0.0000000000	5.0000000000	0.0000000000
179	487.1409912109	658.4069824219	361.8410034180	0.2133045197	0.0000000000	5.0000000000	0.0000000000
179	478.0039978027	666.6829833984	362.2545166016	0.2111029625	0.0000000000	5.0000000000	0.0000000000
180	478.0039978027	666.6829833984	362.2545166016	0.2111029625	0.0000000000	5.0000000000	0.0000000000
180	468.8670043945	674.9589843750	362.6679992676	0.2111029625	0.0000000000	5.0000000000	0.0000000000
181	468.8670043945	674.9589843750	362.6679992676	0.2111029625	0.0000000000	5.0000000000	0.0000000000
181	459.4475097656	683.0885009766	363.0944824219	0.2130734921	0.0000000000	5.0000000000	0.0000000000
182	459.4475097656	683.0885009766	363.0944824219	0.2130734921	0.0000000000	5.0000000000	0.0000000000
182	450.0280151367	691.2180175781	363.5209960938	0.2130734921	0.0000000000	5.0000000000	0.0000000000
183	450.0280151367	691.2180175781	363.5209960938	0.2130734921	0.0000000000	5.0000000000	0.0000000000
183	440.3170166016	697.8480224609	363.9605102539	0.2013665438	0.0000000000	5.0000000000	0.0000000000
184	440.3170166016	697.8480224609	363.9605102539	0.2013665438	0.0000000000	5.0000000000	0.0000000000
184	430.6059875488	704.4780273438	364.3999938965	0.2013669014	0.0000000000	5.0000000000	0.0000000000
185	430.6059875488	704.4780273438	364.3999938965	0.2013669014	0.0000000000	5.0000000000	0.0000000000
185	421.7214965820	709.3100585938	364.8020019531	0.1731752157	0.0000000000	5.0000000000	0.0000000000
186	421.7214965820	709.3100585938	364.8020019531	0.1731752157	0.0000000000	5.0000000000	0.0000000000
186	412.8370056152	714.1420288086	365.2040100098	0.1731746197	0.0000000000	5.0000000000	0.0000000000
187	412.8370056152	714.1420288086	365.2040100098	0.1731746197	0.0000000000	5.0000000000	0.0000000000
187	405.4815063477	719.0755004883	365.5369873047	0.1516104937	0.0000000000	5.0000000000	0.0000000000
188	405.4815063477	719.0755004883	365.5369873047	0.1516104937	0.0000000000	5.0000000000	0.0000000000
188	398.1260070801	724.0089721680	365.8699951172	0.1516104937	0.0000000000	5.0000000000	0.0000000000
189	398.1260070801	724.0089721680	365.8699951172	0.1516104937	0.0000000000	5.0000000000	0.0000000000
189	390.6990051270	728.7054443359	366.2059936523	0.1504232883	0.0000000000	5.0000000000	0.0000000000
190	390.6990051270	728.7054443359	366.2059936523	0.1504232883	0.0000000000	5.0000000000	0.0000000000
190	383.2720031738	733.4019775391	366.5419921875	0.1504238248	0.0000000000	5.0000000000	0.0000000000
191	383.2720031738	733.4019775391	366.5419921875	0.1504238248	0.0000000000	5.0000000000	0.0000000000
191	374.3750000000	736.6610107422	366.9444885254	0.1622456610	0.0000000000	5.0000000000	0.0000000000
192	374.3750000000	736.6610107422	366.9444885254	0.1622456610	0.0000000000	5.0000000000	0.0000000000
192	365.4779968262	739.9199829102	367.3469848633	0.0169032812	0.0000000000	5.0000000000	1.0000000000
193	365.4779968262	739.9199829102	367.3469848633	0.0169032812	0.0000000000	5.0000000000	1.0000000000
193	365.8561096191	740.4114379883	366.6107177734	0.0169032812	0.0000000000	5.0000000000	1.0000000000
194	365.8561096191	740.4114379883	366.6107177734	0.0169032812	0.0000000000	5.0000000000	1.0000000000
194	365.8067016602	738.2249145508	377.0306396484	0.1472980976	0.0000000000	5.0000000000	1.0000000000
195	365.8067016602	738.2249145508	377.0306396484	0.1472980976	0.0000000000	5.0000000000	1.0000000000
195	365.9132385254	740.6813964844	388.0878601074	0.1569192410	0.0000000000	5.0000000000	1.0000000000
196	365.9132385254	740.6813964844	388.0878601074	0.1569192410	0.0000000000	5.0000000000	1.0000000000
196	365.9378662109	739.4079589844	396.1697387695	0.1126295328	0.0000000000	5.0000000000	1.0000000000
197	365.9378662109	739.4079589844	396.1697387695	0.1126295328	0.0000000000	5.0000000000	1.0000000000
197	362.7667846680	737.4322509766	405.8167724609	0.1463866234	0.0000000000	5.0000000000	1.0000000000
198	362.7667846680	737.4322509766	405.8167724609	0.1463866234	0.0000000000	5.0000000000	1.0000000000
198	360.5404968262	736.2295532227	413.9725341797	0.1173468828	0.0000000000	5.0000000000	1.0000000000
199	360.5404968262	736.2295532227	413.9725341797	0.1173468828	0.0000000000	5.0000000000	1.0000000000
199	360.9884033203	734.8449096680	419.7156677246	0.0926171541	0.0000000000	5.0000000000	1.0000000000
200	360.9884033203	734.8449096680	419.7156677246	0.0926171541	0.0000000000	5.0000000000	1.0000000000
200	360.9653320312	733.8928222656	429.8258972168	0.0935401917	0.0000000000	5.0000000000	1.0000000000
201	360.9653320312	733.8928222656	429.8258972168	0.0935401917	0.0000000000	5.0000000000	1.0000000000
201	362.1501159668	733.4538574219	434.8848876953	0.0820004940	0.0000000000	5.0000000000	1.0000000000
202	362.1501159668	733.4538574219	434.8848876953	0.0820004940	0.0000000000	5.0000000000	1.0000000000
202	362.7191467285	731.4429321289	438.6278991699	0.0748407841	0.0000000000	5.0000000000	1.0000000000
203	362.7191467285	731.4429321289	438.6278991699	0.0748407841	0.0000000000	5.0000000000	1.0000000000
203	367.6770935059	730.6855468750	448.3711547852	0.1958332062	0.0000000000	5.0000000000	1.0000000000
204	367.6770935059	730.6855468750	448.3711547852	0.1958332062	0.0000000000	5.0000000000	1.0000000000
204	371.6449279785	732.8859252930	453.2897644043	0.1036460996	0.0000000000	5.0000000000	1.0000000000
205	371.6449279785	732.8859252930	453.2897644043	0.1036460996	0.0000000000	5.0000000000	1.0000000000
205	373.2735900879	733.8356933594	466.0287170410	0.1772747636	0.0000000000	5.0000000000	1.0000000000
