Index	X	Y	Z	cost	equivalent_radius	branch_id	vadose_flag
1	777.934	409.003	249.472	0.0258891582	0.0000000000	0.0000000000	0.0000000000
1	774.3930053711	409.0469970703	249.6269989014	0.0258891582	0.0000000000	1.0000000000	0.0000000000
2	774.3930053711	409.0469970703	249.6269989014	0.0258891582	0.0000000000	1.0000000000	0.0000000000
2	761.2730102539	408.9490051270	250.2209930420	0.0905986428	0.0000000000	1.0000000000	0.0000000000
3	761.2730102539	408.9490051270	250.2209930420	0.0905986428	0.0000000000	1.0000000000	0.0000000000
3	747.1929931641	412.0010070801	250.8580017090	0.1262844801	0.0000000000	2.0000000000	0.0000000000
4	761.2730102539	408.9490051270	250.2209930420	0.0905986428	0.0000000000	1.0000000000	0.0000000000
4	745.3330078125	405.6640014648	250.9429931641	0.1275281310	0.0000000000	3.0000000000	0.0000000000
5	747.1929931641	412.0010070801	250.8580017090	0.1262844801	0.0000000000	2.0000000000	0.0000000000
5	730.4739990234	420.5260009766	251.6150054932	0.1468741447	0.0000000000	2.0000000000	0.0000000000
6	730.4739990234	420.5260009766	251.6150054932	0.1468741447	0.0000000000	2.0000000000	0.0000000000
6	716.5330200195	424.4360046387	251.7200012207	0.1012217477	0.0000000000	2.0000000000	0.0000000000
7	716.5330200195	424.4360046387	251.7200012207	0.1012217477	0.0000000000	2.0000000000	0.0000000000
7	704.6199951172	427.1289978027	252.7850036621	0.0794224739	0.0000000000	2.0000000000	1.0000000000
8	704.6199951172	427.1289978027	252.7850036621	0.0794224739	0.0000000000	2.0000000000	1.0000000000
8	697.8469848633	427.7189941406	253.6049957275	0.0794224739	0.0000000000	2.0000000000	1.0000000000
9	697.8469848633	427.7189941406	253.6049957275	0.0794224739	0.0000000000	2.0000000000	1.0000000000
9	694.0529785156	428.8729858398	254.6799926758	0.0463700294	0.0000000000	2.0000000000	1.0000000000
10	694.0529785156	428.8729858398	254.6799926758	0.0463700294	0.0000000000	2.0000000000	1.0000000000
10	678.6500244141	441.0620117188	258.7600097656	0.2602148056	0.0000000000	2.0000000000	1.0000000000
11	678.6500244141	441.0620117188	258.7600097656	0.2602148056	0.0000000000	2.0000000000	1.0000000000
11	663.9530029297	449.2399902344	258.4609985352	0.2093687057	0.0000000000	2.0000000000	1.0000000000
12	663.9530029297	449.2399902344	258.4609985352	0.2093687057	0.0000000000	2.0000000000	1.0000000000
12	647.5319824219	452.6029968262	260.3720092773	0.1963372231	0.0000000000	2.0000000000	1.0000000000
13	647.5319824219	452.6029968262	260.3720092773	0.1963372231	0.0000000000	2.0000000000	1.0000000000
13	640.2550048828	458.8389892578	262.2650146484	0.1153140068	0.0000000000	2.0000000000	1.0000000000
14	640.2550048828	458.8389892578	262.2650146484	0.1153140068	0.0000000000	2.0000000000	1.0000000000
14	630.5910034180	465.8280029297	262.9179992676	0.1801624298	0.0000000000	2.0000000000	1.0000000000
15	630.5910034180	465.8280029297	262.9179992676	0.1801624298	0.0000000000	2.0000000000	1.0000000000
15	612.0460205078	473.6390075684	266.1430053711	0.2447938919	0.0000000000	2.0000000000	1.0000000000
16	612.0460205078	473.6390075684	266.1430053711	0.2447938919	0.0000000000	2.0000000000	1.0000000000
16	601.1350097656	476.5450134277	266.7170104980	0.1359367371	0.0000000000	2.0000000000	1.0000000000
17	601.1350097656	476.5450134277	266.7170104980	0.1359367371	0.0000000000	2.0000000000	1.0000000000
17	588.1250000000	483.5090026855	268.6340026855	0.1721305847	0.0000000000	2.0000000000	1.0000000000
18	588.1250000000	483.5090026855	268.6340026855	0.1721305847	0.0000000000	2.0000000000	1.0000000000
18	578.9979858398	488.7940063477	273.4440002441	0.1426482201	0.0000000000	2.0000000000	1.0000000000
19	578.9979858398	488.7940063477	273.4440002441	0.1426482201	0.0000000000	2.0000000000	1.0000000000
19	567.5390014648	494.7390136719	273.7950134277	0.1764602661	0.0000000000	2.0000000000	1.0000000000
20	567.5390014648	494.7390136719	273.7950134277	0.1764602661	0.0000000000	2.0000000000	1.0000000000
20	548.4000244141	503.0979919434	275.2659912109	0.2560677528	0.0000000000	2.0000000000	1.0000000000
21	548.4000244141	503.0979919434	275.2659912109	0.2560677528	0.0000000000	2.0000000000	1.0000000000
21	535.1389770508	516.2219848633	277.8919982910	0.2743482590	0.0000000000	2.0000000000	1.0000000000
22	535.1389770508	516.2219848633	277.8919982910	0.2743482590	0.0000000000	2.0000000000	1.0000000000
22	517.1040039062	526.1779785156	281.7080078125	0.2513947487	0.0000000000	2.0000000000	1.0000000000
23	517.1040039062	526.1779785156	281.7080078125	0.2513947487	0.0000000000	2.0000000000	1.0000000000
23	506.2550048828	532.9990234375	282.5650024414	0.1541876793	0.0000000000	2.0000000000	1.0000000000
24	506.2550048828	532.9990234375	282.5650024414	0.1541876793	0.0000000000	2.0000000000	1.0000000000
24	500.8689880371	534.5510253906	286.1029968262	0.0743699074	0.0000000000	2.0000000000	1.0000000000
25	500.8689880371	534.5510253906	286.1029968262	0.0743699074	0.0000000000	2.0000000000	1.0000000000
25	498.2760009766	537.6190185547	292.0530090332	0.0865821838	0.0000000000	2.0000000000	1.0000000000
26	498.2760009766	537.6190185547	292.0530090332	0.0865821838	0.0000000000	2.0000000000	1.0000000000
26	495.4790039062	541.2169799805	298.9219970703	0.1089100838	0.0000000000	2.0000000000	1.0000000000
27	495.4790039062	541.2169799805	298.9219970703	0.1089100838	0.0000000000	2.0000000000	1.0000000000
27	491.8129882812	546.2630004883	307.5750122070	0.1440110207	0.0000000000	2.0000000000	1.0000000000
28	491.8129882812	546.2630004883	307.5750122070	0.1440110207	0.0000000000	2.0000000000	1.0000000000
28	488.1480102539	550.0490112305	314.2189941406	0.1159377098	0.0000000000	2.0000000000	1.0000000000
29	488.1480102539	550.0490112305	314.2189941406	0.1159377098	0.0000000000	2.0000000000	1.0000000000
29	483.7980041504	551.4869995117	324.3039855957	0.1427700520	0.0000000000	2.0000000000	1.0000000000
30	483.7980041504	551.4869995117	324.3039855957	0.1427700520	0.0000000000	2.0000000000	1.0000000000
30	479.8460083008	555.7189941406	334.1350097656	0.1504919529	0.0000000000	2.0000000000	1.0000000000
31	479.8460083008	555.7189941406	334.1350097656	0.1504919529	0.0000000000	2.0000000000	1.0000000000
31	475.2349853516	560.7579956055	343.8919982910	0.1602129936	0.0000000000	2.0000000000	1.0000000000
32	475.2349853516	560.7579956055	343.8919982910	0.1602129936	0.0000000000	2.0000000000	1.0000000000
32	472.9410095215	562.2730102539	352.1510009766	0.1101326942	0.0000000000	2.0000000000	1.0000000000
33	472.9410095215	562.2730102539	352.1510009766	0.1101326942	0.0000000000	2.0000000000	1.0000000000
33	470.8179931641	564.0750122070	356.4649963379	0.0684070587	0.0000000000	2.0000000000	1.0000000000
34	470.8179931641	564.0750122070	356.4649963379	0.0684070587	0.0000000000	2.0000000000	1.0000000000
34	465.2999877930	569.4569702148	363.8479919434	0.1519711018	0.0000000000	2.0000000000	1.0000000000
35	465.2999877930	569.4569702148	363.8479919434	0.1519711018	0.0000000000	2.0000000000	1.0000000000
35	461.7539978027	571.5330200195	372.2799987793	0.1215636730	0.0000000000	2.0000000000	1.0000000000
36	461.7539978027	571.5330200195	372.2799987793	0.1215636730	0.0000000000	2.0000000000	1.0000000000
36	454.4899902344	574.7839965820	380.5889892578	0.1616544724	0.0000000000	2.0000000000	1.0000000000
37	454.4899902344	574.7839965820	380.5889892578	0.1616544724	0.0000000000	2.0000000000	1.0000000000
37	452.5780029297	575.5089721680	383.6990051270	0.0496923923	0.0000000000	2.0000000000	1.0000000000
38	452.5780029297	575.5089721680	383.6990051270	0.0496923923	0.0000000000	2.0000000000	1.0000000000
38	444.3659973145	581.5070190430	392.7030029297	0.1958050728	0.0000000000	2.0000000000	1.0000000000
39	444.3659973145	581.5070190430	392.7030029297	0.1958050728	0.0000000000	2.0000000000	1.0000000000
39	438.2090148926	586.0050048828	404.7680053711	0.1129490733	0.0000000000	4.0000000000	1.0000000000
40	444.3659973145	581.5070190430	392.7030029297	0.1958050728	0.0000000000	2.0000000000	1.0000000000
40	441.2420043945	589.0999755859	404.7709960938	0.1173653603	0.0000000000	5.0000000000	1.0000000000
41	438.2090148926	586.0050048828	404.7680053711	0.1129490733	0.0000000000	4.0000000000	1.0000000000
41	425.5759887695	597.4840087891	407.1440124512	0.2199470699	0.0000000000	4.0000000000	1.0000000000
42	425.5759887695	597.4840087891	407.1440124512	0.2199470699	0.0000000000	4.0000000000	1.0000000000
42	418.9100036621	604.0599975586	409.2539978027	0.1246879101	0.0000000000	4.0000000000	1.0000000000
43	418.9100036621	604.0599975586	409.2539978027	0.1246879101	0.0000000000	4.0000000000	1.0000000000
43	415.2590026855	606.2589721680	413.5939941406	0.0760191381	0.0000000000	4.0000000000	1.0000000000
44	415.2590026855	606.2589721680	413.5939941406	0.0760191381	0.0000000000	4.0000000000	1.0000000000
44	409.0050048828	612.7500000000	420.3020019531	0.1751954257	0.0000000000	4.0000000000	1.0000000000
45	409.0050048828	612.7500000000	420.3020019531	0.1751954257	0.0000000000	4.0000000000	1.0000000000
45	411.0933227539	613.8931274414	421.5869445801	0.0638283268	0.0000000000	4.0000000000	1.0000000000
46	745.3330078125	405.6640014648	250.9429931641	0.1275281310	0.0000000000	3.0000000000	0.0000000000
46	726.4520263672	402.3269958496	251.7969970703	0.1301285625	0.0000000000	3.0000000000	0.0000000000
47	726.4520263672	402.3269958496	251.7969970703	0.1301285625	0.0000000000	3.0000000000	0.0000000000
47	710.6099853516	399.9840087891	252.5140075684	0.0970353782	0.0000000000	3.0000000000	0.0000000000
48	710.6099853516	399.9840087891	252.5140075684	0.0970353782	0.0000000000	3.0000000000	0.0000000000
48	700.3380126953	397.9010009766	252.9790039062	0.1582317352	0.0000000000	3.0000000000	1.0000000000
49	700.3380126953	397.9010009766	252.9790039062	0.1582317352	0.0000000000	3.0000000000	1.0000000000
49	685.5720214844	399.4729919434	254.2910003662	0.1582317352	0.0000000000	3.0000000000	1.0000000000
50	685.5720214844	399.4729919434	254.2910003662	0.1582317352	0.0000000000	3.0000000000	1.0000000000
50	671.3499755859	393.9339904785	259.2780151367	0.1888141632	0.0000000000	3.0000000000	1.0000000000
51	671.3499755859	393.9339904785	259.2780151367	0.1888141632	0.0000000000	3.0000000000	1.0000000000
51	655.1199951172	385.8139953613	259.0639953613	0.2231221199	0.0000000000	3.0000000000	1.0000000000
52	655.1199951172	385.8139953613	259.0639953613	0.2231221199	0.0000000000	3.0000000000	1.0000000000
52	635.6690063477	376.2749938965	259.0239868164	0.2518100739	0.0000000000	3.0000000000	1.0000000000
53	635.6690063477	376.2749938965	259.0239868164	0.2518100739	0.0000000000	3.0000000000	1.0000000000
53	617.9910278320	371.5440063477	262.2179870605	0.1981611252	0.0000000000	3.0000000000	1.0000000000
54	617.9910278320	371.5440063477	262.2179870605	0.1981611252	0.0000000000	3.0000000000	1.0000000000
54	598.1489868164	364.8680114746	266.2250061035	0.2479286194	0.0000000000	3.0000000000	1.0000000000
55	598.1489868164	364.8680114746	266.2250061035	0.2479286194	0.0000000000	3.0000000000	1.0000000000
55	590.3419799805	363.4519958496	266.8729858398	0.0956115723	0.0000000000	3.0000000000	1.0000000000
56	590.3419799805	363.4519958496	266.8729858398	0.0956115723	0.0000000000	3.0000000000	1.0000000000
56	576.2290039062	356.3619995117	267.2600097656	0.1732625961	0.0000000000	3.0000000000	1.0000000000
57	576.2290039062	356.3619995117	267.2600097656	0.1732625961	0.0000000000	3.0000000000	1.0000000000
57	566.1149902344	352.3829956055	271.5039978027	0.1290483475	0.0000000000	3.0000000000	1.0000000000
58	566.1149902344	352.3829956055	271.5039978027	0.1290483475	0.0000000000	3.0000000000	1.0000000000
58	548.7609863281	346.0889892578	274.4630126953	0.0233139992	0.0000000000	3.0000000000	1.0000000000
59	548.7609863281	346.0889892578	274.4630126953	0.0233139992	0.0000000000	3.0000000000	1.0000000000
59	540.1779785156	347.5310058594	273.6400146484	0.0112023354	0.0000000000	3.0000000000	1.0000000000
60	540.1779785156	347.5310058594	273.6400146484	0.0112023354	0.0000000000	3.0000000000	1.0000000000
60	522.8729858398	348.7269897461	273.5169982910	0.0198020935	0.0000000000	3.0000000000	1.0000000000
61	522.8729858398	348.7269897461	273.5169982910	0.0198020935	0.0000000000	3.0000000000	1.0000000000
61	518.2379760742	347.8049926758	275.0690002441	0.0049118996	0.0000000000	3.0000000000	1.0000000000
62	518.2379760742	347.8049926758	275.0690002441	0.0049118996	0.0000000000	3.0000000000	1.0000000000
62	498.4559936523	347.2890014648	276.8219909668	0.0215048790	0.0000000000	3.0000000000	1.0000000000
63	498.4559936523	347.2890014648	276.8219909668	0.0215048790	0.0000000000	3.0000000000	1.0000000000
63	481.4840087891	340.8510131836	281.7080078125	0.0219612122	0.0000000000	3.0000000000	1.0000000000
64	481.4840087891	340.8510131836	281.7080078125	0.0219612122	0.0000000000	3.0000000000	1.0000000000
64	466.6690063477	341.6799926758	282.1090087891	0.0203700066	0.0000000000	6.0000000000	1.0000000000
65	481.4840087891	340.8510131836	281.7080078125	0.0219612122	0.0000000000	3.0000000000	1.0000000000
65	478.5209960938	335.1480102539	286.6640014648	0.0117049217	0.0000000000	7.0000000000	1.0000000000
66	466.6690063477	341.6799926758	282.1090087891	0.0203700066	0.0000000000	6.0000000000	1.0000000000
66	460.5849914551	341.5050048828	286.1000061035	0.0102310181	0.0000000000	8.0000000000	1.0000000000
67	466.6690063477	341.6799926758	282.1090087891	0.0203700066	0.0000000000	6.0000000000	1.0000000000
67	461.4989929199	346.0480041504	282.2879943848	0.0103874207	0.0000000000	9.0000000000	1.0000000000
68	460.5849914551	341.5050048828	286.1000061035	0.0102310181	0.0000000000	8.0000000000	1.0000000000
68	454.3729858398	339.8150024414	292.4930114746	0.0136842728	0.0000000000	8.0000000000	1.0000000000
69	454.3729858398	339.8150024414	292.4930114746	0.0136842728	0.0000000000	8.0000000000	1.0000000000
69	448.8210144043	338.6300048828	299.8630065918	0.1406564713	0.0000000000	8.0000000000	1.0000000000
70	448.8210144043	338.6300048828	299.8630065918	0.1406564713	0.0000000000	8.0000000000	1.0000000000
70	444.1229858398	338.3680114746	306.6929931641	0.1237211227	0.0000000000	8.0000000000	1.0000000000
71	444.1229858398	338.3680114746	306.6929931641	0.1237211227	0.0000000000	8.0000000000	1.0000000000
71	436.3670043945	337.2149963379	315.0750122070	0.1785511971	0.0000000000	8.0000000000	1.0000000000
72	436.3670043945	337.2149963379	315.0750122070	0.1785511971	0.0000000000	8.0000000000	1.0000000000
72	431.7200012207	335.6799926758	321.4039916992	0.1211204529	0.0000000000	8.0000000000	1.0000000000
73	431.7200012207	335.6799926758	321.4039916992	0.1211204529	0.0000000000	8.0000000000	1.0000000000
73	422.5950012207	336.9089965820	328.4689941406	0.1902027130	0.0000000000	8.0000000000	1.0000000000
74	422.5950012207	336.9089965820	328.4689941406	0.1902027130	0.0000000000	8.0000000000	1.0000000000
74	413.0719909668	333.4630126953	336.6159973145	0.2114067078	0.0000000000	8.0000000000	1.0000000000
75	413.0719909668	333.4630126953	336.6159973145	0.2114067078	0.0000000000	8.0000000000	1.0000000000
75	403.4330139160	331.4110107422	346.0639953613	0.2159523964	0.0000000000	8.0000000000	1.0000000000
76	403.4330139160	331.4110107422	346.0639953613	0.2159523964	0.0000000000	8.0000000000	1.0000000000
76	398.6180114746	330.6350097656	351.4790039062	0.1127276421	0.0000000000	8.0000000000	1.0000000000
77	398.6180114746	330.6350097656	351.4790039062	0.1127276421	0.0000000000	8.0000000000	1.0000000000
77	392.0390014648	331.7590026855	359.7269897461	0.1616277695	0.0000000000	8.0000000000	1.0000000000
78	392.0390014648	331.7590026855	359.7269897461	0.1616277695	0.0000000000	8.0000000000	1.0000000000
78	384.3959960938	331.7929992676	366.8580017090	0.1660542488	0.0000000000	8.0000000000	1.0000000000
79	384.3959960938	331.7929992676	366.8580017090	0.1660542488	0.0000000000	8.0000000000	1.0000000000
79	374.1210021973	329.0209960938	373.8250122070	0.2137877941	0.0000000000	8.0000000000	1.0000000000
80	374.1210021973	329.0209960938	373.8250122070	0.2137877941	0.0000000000	8.0000000000	1.0000000000
80	364.6010131836	328.8599853516	381.4240112305	0.1983938217	0.0000000000	8.0000000000	1.0000000000
81	364.6010131836	328.8599853516	381.4240112305	0.1983938217	0.0000000000	8.0000000000	1.0000000000
81	357.2730102539	329.1740112305	388.4159851074	0.1604330540	0.0000000000	8.0000000000	1.0000000000
82	357.2730102539	329.1740112305	388.4159851074	0.1604330540	0.0000000000	8.0000000000	1.0000000000
82	350.0799865723	329.1319885254	395.2309875488	0.1570291519	0.0000000000	8.0000000000	1.0000000000
83	350.0799865723	329.1319885254	395.2309875488	0.1570291519	0.0000000000	8.0000000000	1.0000000000
83	336.2590026855	325.3699951172	404.6629943848	0.1704425812	0.0000000000	8.0000000000	1.0000000000
84	336.2590026855	325.3699951172	404.6629943848	0.1704425812	0.0000000000	8.0000000000	1.0000000000
84	329.1119995117	325.2099914551	405.4230041504	0.0933346748	0.0000000000	8.0000000000	1.0000000000
85	329.1119995117	325.2099914551	405.4230041504	0.0933346748	0.0000000000	8.0000000000	1.0000000000
85	310.0650024414	325.1979980469	407.3649902344	0.2491285801	0.0000000000	8.0000000000	1.0000000000
86	310.0650024414	325.1979980469	407.3649902344	0.2491285801	0.0000000000	8.0000000000	1.0000000000
86	291.2250061035	324.9830017090	409.2690124512	0.2465298176	0.0000000000	8.0000000000	1.0000000000
87	291.2250061035	324.9830017090	409.2690124512	0.2465298176	0.0000000000	8.0000000000	1.0000000000
87	276.7950134277	326.5159912109	410.3229980469	0.1953508854	0.0000000000	8.0000000000	1.0000000000
88	276.7950134277	326.5159912109	410.3229980469	0.1953508854	0.0000000000	8.0000000000	1.0000000000
88	261.3399963379	325.3399963379	412.1279907227	0.2020697594	0.0000000000	8.0000000000	1.0000000000
89	261.3399963379	325.3399963379	412.1279907227	0.2020697594	0.0000000000	8.0000000000	1.0000000000
89	246.9029998779	328.2929992676	413.2059936523	0.1958098412	0.0000000000	8.0000000000	1.0000000000
90	246.9029998779	328.2929992676	413.2059936523	0.1958098412	0.0000000000	8.0000000000	1.0000000000
90	234.3609924316	324.7760009766	414.8450012207	0.1687241793	0.0000000000	8.0000000000	1.0000000000
91	234.3609924316	324.7760009766	414.8450012207	0.1687241793	0.0000000000	8.0000000000	1.0000000000
91	228.5460052490	324.3789978027	414.7040100098	0.0853098631	0.0000000000	8.0000000000	1.0000000000
92	228.5460052490	324.3789978027	414.7040100098	0.0853098631	0.0000000000	8.0000000000	1.0000000000
92	215.0480041504	324.9779968262	416.7969970703	0.1730687618	0.0000000000	8.0000000000	1.0000000000
93	215.0480041504	324.9779968262	416.7969970703	0.1730687618	0.0000000000	8.0000000000	1.0000000000
93	208.0959930420	324.1780090332	418.8489990234	0.0946947336	0.0000000000	8.0000000000	1.0000000000
94	208.0959930420	324.1780090332	418.8489990234	0.0946947336	0.0000000000	8.0000000000	1.0000000000
94	195.3459930420	325.2449951172	418.7749938965	0.1758903265	0.0000000000	8.0000000000	1.0000000000
95	195.3459930420	325.2449951172	418.7749938965	0.1758903265	0.0000000000	8.0000000000	1.0000000000
95	177.8320007324	321.8439941406	420.5429992676	0.2414575815	0.0000000000	8.0000000000	1.0000000000
96	177.8320007324	321.8439941406	420.5429992676	0.2414575815	0.0000000000	8.0000000000	1.0000000000
96	171.7079925537	319.7950134277	424.8190002441	0.0971770883	0.0000000000	8.0000000000	1.0000000000
97	171.7079925537	319.7950134277	424.8190002441	0.0971770883	0.0000000000	8.0000000000	1.0000000000
97	168.8090057373	319.6340026855	428.1879882812	0.0578835607	0.0000000000	8.0000000000	1.0000000000
98	168.8090057373	319.6340026855	428.1879882812	0.0578835607	0.0000000000	8.0000000000	1.0000000000
98	163.5279998779	317.7420043945	436.0199890137	0.1415959001	0.0000000000	8.0000000000	1.0000000000
99	163.5279998779	317.7420043945	436.0199890137	0.1415959001	0.0000000000	8.0000000000	1.0000000000
99	155.0019989014	318.0570068359	443.3479919434	0.1810216904	0.0000000000	8.0000000000	1.0000000000
100	155.0019989014	318.0570068359	443.3479919434	0.1810216904	0.0000000000	8.0000000000	1.0000000000
100	147.6159973145	315.6520080566	452.7219848633	0.1860663295	0.0000000000	8.0000000000	1.0000000000
101	147.6159973145	315.6520080566	452.7219848633	0.1860663295	0.0000000000	8.0000000000	1.0000000000
101	142.7299957275	314.1480102539	463.0060119629	0.1656524837	0.0000000000	8.0000000000	1.0000000000
102	142.7299957275	314.1480102539	463.0060119629	0.1656524837	0.0000000000	8.0000000000	1.0000000000
102	137.7108001709	316.7383728027	472.3218078613	0.2348180115	0.0000000000	8.0000000000	1.0000000000
103	461.4989929199	346.0480041504	282.2879943848	0.0103874207	0.0000000000	9.0000000000	1.0000000000
103	455.3670043945	352.1329956055	282.7260131836	0.0134315491	0.0000000000	9.0000000000	1.0000000000
104	455.3670043945	352.1329956055	282.7260131836	0.0134315491	0.0000000000	9.0000000000	1.0000000000
104	442.3670043945	355.8670043945	281.1449890137	0.1974992752	0.0000000000	9.0000000000	1.0000000000
105	442.3670043945	355.8670043945	281.1449890137	0.1974992752	0.0000000000	9.0000000000	1.0000000000
105	435.0910034180	360.3219909668	282.3160095215	0.1183152199	0.0000000000	9.0000000000	1.0000000000
106	435.0910034180	360.3219909668	282.3160095215	0.1183152199	0.0000000000	9.0000000000	1.0000000000
106	416.3049926758	368.6260070801	282.4729919434	0.2885432243	0.0000000000	9.0000000000	1.0000000000
107	416.3049926758	368.6260070801	282.4729919434	0.2885432243	0.0000000000	9.0000000000	1.0000000000
107	414.0440063477	370.1270141602	282.1250000000	0.0398898125	0.0000000000	9.0000000000	1.0000000000
108	414.0440063477	370.1270141602	282.1250000000	0.0398898125	0.0000000000	9.0000000000	1.0000000000
108	398.1669921875	379.8510131836	282.3210144043	0.2612867355	0.0000000000	9.0000000000	1.0000000000
109	398.1669921875	379.8510131836	282.3210144043	0.2612867355	0.0000000000	9.0000000000	1.0000000000
109	390.5520019531	384.9140014648	286.0169982910	0.1361131668	0.0000000000	9.0000000000	1.0000000000
110	390.5520019531	384.9140014648	286.0169982910	0.1361131668	0.0000000000	9.0000000000	1.0000000000
110	388.5270080566	386.5310058594	288.6279907227	0.0482726097	0.0000000000	9.0000000000	1.0000000000
111	388.5270080566	386.5310058594	288.6279907227	0.0482726097	0.0000000000	9.0000000000	1.0000000000
111	381.1759948730	390.2439880371	293.0960083008	0.1522560120	0.0000000000	9.0000000000	1.0000000000
112	381.1759948730	390.2439880371	293.0960083008	0.1522560120	0.0000000000	9.0000000000	1.0000000000
112	376.3819885254	393.0100097656	299.5150146484	0.1294903755	0.0000000000	9.0000000000	1.0000000000
113	376.3819885254	393.0100097656	299.5150146484	0.1294903755	0.0000000000	9.0000000000	1.0000000000
113	369.9370117188	396.1510009766	306.9649963379	0.1615319252	0.0000000000	9.0000000000	1.0000000000
114	369.9370117188	396.1510009766	306.9649963379	0.1615319252	0.0000000000	9.0000000000	1.0000000000
114	363.0710144043	399.2569885254	316.8919982910	0.1882228851	0.0000000000	9.0000000000	1.0000000000
115	363.0710144043	399.2569885254	316.8919982910	0.1882228851	0.0000000000	9.0000000000	1.0000000000
115	357.6629943848	402.2239990234	326.4760131836	0.1686592102	0.0000000000	9.0000000000	1.0000000000
116	357.6629943848	402.2239990234	326.4760131836	0.1686592102	0.0000000000	9.0000000000	1.0000000000
116	351.7869873047	406.7269897461	334.6879882812	0.1710462570	0.0000000000	9.0000000000	1.0000000000
117	351.7869873047	406.7269897461	334.6879882812	0.1710462570	0.0000000000	9.0000000000	1.0000000000
117	348.6260070801	409.2630004883	340.0650024414	0.1015887260	0.0000000000	9.0000000000	1.0000000000
118	348.6260070801	409.2630004883	340.0650024414	0.1015887260	0.0000000000	9.0000000000	1.0000000000
118	344.8609924316	411.0119934082	345.6170043945	0.1044874191	0.0000000000	9.0000000000	1.0000000000
119	344.8609924316	411.0119934082	345.6170043945	0.1044874191	0.0000000000	9.0000000000	1.0000000000
119	339.0289916992	417.0750122070	352.4450073242	0.1759793758	0.0000000000	9.0000000000	1.0000000000
120	339.0289916992	417.0750122070	352.4450073242	0.1759793758	0.0000000000	9.0000000000	1.0000000000
120	331.9750061035	420.1350097656	358.4190063477	0.1592612267	0.0000000000	9.0000000000	1.0000000000
121	331.9750061035	420.1350097656	358.4190063477	0.1592612267	0.0000000000	9.0000000000	1.0000000000
121	324.9339904785	423.5849914551	367.7609863281	0.1867430210	0.0000000000	9.0000000000	1.0000000000
122	324.9339904785	423.5849914551	367.7609863281	0.1867430210	0.0000000000	9.0000000000	1.0000000000
122	320.7619934082	426.2869873047	375.5020141602	0.1360960007	0.0000000000	9.0000000000	1.0000000000
123	320.7619934082	426.2869873047	375.5020141602	0.1360960007	0.0000000000	9.0000000000	1.0000000000
123	313.5690002441	429.8479919434	382.8810119629	0.1735985279	0.0000000000	9.0000000000	1.0000000000
124	313.5690002441	429.8479919434	382.8810119629	0.1735985279	0.0000000000	9.0000000000	1.0000000000
124	308.0539855957	431.7900085449	388.6119995117	0.1290602684	0.0000000000	9.0000000000	1.0000000000
125	308.0539855957	431.7900085449	388.6119995117	0.1290602684	0.0000000000	9.0000000000	1.0000000000
125	304.7340087891	432.8160095215	393.5530090332	0.0903365612	0.0000000000	9.0000000000	1.0000000000
126	304.7340087891	432.8160095215	393.5530090332	0.0903365612	0.0000000000	9.0000000000	1.0000000000
126	294.0589904785	438.1780090332	404.5050048828	0.1470882893	0.0000000000	9.0000000000	1.0000000000
127	294.0589904785	438.1780090332	404.5050048828	0.1470882893	0.0000000000	9.0000000000	1.0000000000
127	291.2680053711	442.3559875488	404.9970092773	0.0658295155	0.0000000000	9.0000000000	1.0000000000
128	291.2680053711	442.3559875488	404.9970092773	0.0658295155	0.0000000000	9.0000000000	1.0000000000
128	279.6289978027	452.2049865723	407.7749938965	0.2082576752	0.0000000000	9.0000000000	1.0000000000
129	279.6289978027	452.2049865723	407.7749938965	0.2082576752	0.0000000000	9.0000000000	1.0000000000
129	267.3750000000	462.9450073242	408.9830017090	0.2166528702	0.0000000000	9.0000000000	1.0000000000
130	267.3750000000	462.9450073242	408.9830017090	0.2166528702	0.0000000000	9.0000000000	1.0000000000
130	253.1540069580	470.3980102539	411.0209960938	0.2078790665	0.0000000000	9.0000000000	1.0000000000
131	253.1540069580	470.3980102539	411.0209960938	0.2078790665	0.0000000000	9.0000000000	1.0000000000
131	241.2550048828	476.0780029297	412.2529907227	0.1784679890	0.0000000000	9.0000000000	1.0000000000
132	241.2550048828	476.0780029297	412.2529907227	0.1784679890	0.0000000000	9.0000000000	1.0000000000
132	232.3190002441	481.3110046387	414.4939880371	0.1347719431	0.0000000000	9.0000000000	1.0000000000
133	232.3190002441	481.3110046387	414.4939880371	0.1347719431	0.0000000000	9.0000000000	1.0000000000
133	226.8439941406	486.6090087891	415.0830078125	0.1007071733	0.0000000000	9.0000000000	1.0000000000
134	226.8439941406	486.6090087891	415.0830078125	0.1007071733	0.0000000000	9.0000000000	1.0000000000
134	221.1439971924	490.4970092773	416.6960144043	0.0904573202	0.0000000000	9.0000000000	1.0000000000
135	221.1439971924	490.4970092773	416.6960144043	0.0904573202	0.0000000000	9.0000000000	1.0000000000
135	206.6739959717	498.8750000000	417.9100036621	0.2299826145	0.0000000000	9.0000000000	1.0000000000
136	206.6739959717	498.8750000000	417.9100036621	0.2299826145	0.0000000000	9.0000000000	1.0000000000
136	196.9069976807	505.7470092773	420.0119934082	0.1536911726	0.0000000000	9.0000000000	1.0000000000
137	196.9069976807	505.7470092773	420.0119934082	0.1536911726	0.0000000000	9.0000000000	1.0000000000
137	192.5959930420	510.5629882812	421.1359863281	0.0822255611	0.0000000000	9.0000000000	1.0000000000
138	192.5959930420	510.5629882812	421.1359863281	0.0822255611	0.0000000000	9.0000000000	1.0000000000
138	181.4570007324	521.2819824219	423.1400146484	0.2050663829	0.0000000000	9.0000000000	1.0000000000
139	181.4570007324	521.2819824219	423.1400146484	0.2050663829	0.0000000000	9.0000000000	1.0000000000
139	178.7270050049	524.9110107422	427.9559936523	0.0788093805	0.0000000000	9.0000000000	1.0000000000
140	178.7270050049	524.9110107422	427.9559936523	0.0788093805	0.0000000000	9.0000000000	1.0000000000
140	175.5339965820	530.1829833984	435.6969909668	0.1431384683	0.0000000000	9.0000000000	1.0000000000
141	175.5339965820	530.1829833984	435.6969909668	0.1431384683	0.0000000000	9.0000000000	1.0000000000
141	171.9629974365	533.1510009766	443.8420104980	0.1368708611	0.0000000000	9.0000000000	1.0000000000
142	171.9629974365	533.1510009766	443.8420104980	0.1368708611	0.0000000000	9.0000000000	1.0000000000
142	165.1820068359	536.7219848633	453.6820068359	0.1890045702	0.0000000000	9.0000000000	1.0000000000
143	165.1820068359	536.7219848633	453.6820068359	0.1890045702	0.0000000000	9.0000000000	1.0000000000
143	160.6459960938	540.0159912109	463.6730041504	0.1670779288	0.0000000000	9.0000000000	1.0000000000
144	160.6459960938	540.0159912109	463.6730041504	0.1670779288	0.0000000000	9.0000000000	1.0000000000
144	157.1609802246	544.7370605469	474.8090820312	0.1824901700	0.0000000000	9.0000000000	1.0000000000
145	478.5209960938	335.1480102539	286.6640014648	0.0117049217	0.0000000000	7.0000000000	1.0000000000
145	474.1489868164	325.6369934082	292.3890075684	0.0199117661	0.0000000000	7.0000000000	1.0000000000
146	474.1489868164	325.6369934082	292.3890075684	0.0199117661	0.0000000000	7.0000000000	1.0000000000
146	469.2080078125	321.2909851074	300.5790100098	0.0159850121	0.0000000000	7.0000000000	1.0000000000
147	469.2080078125	321.2909851074	300.5790100098	0.0159850121	0.0000000000	7.0000000000	1.0000000000
147	466.2780151367	317.6610107422	306.2560119629	0.0112171173	0.0000000000	7.0000000000	1.0000000000
148	466.2780151367	317.6610107422	306.2560119629	0.0112171173	0.0000000000	7.0000000000	1.0000000000
148	463.9330139160	312.9460144043	313.0090026855	0.1297912598	0.0000000000	7.0000000000	1.0000000000
149	463.9330139160	312.9460144043	313.0090026855	0.1297912598	0.0000000000	7.0000000000	1.0000000000
149	457.3340148926	307.8580017090	320.5610046387	0.1794662476	0.0000000000	7.0000000000	1.0000000000
150	457.3340148926	307.8580017090	320.5610046387	0.1794662476	0.0000000000	7.0000000000	1.0000000000
150	448.1879882812	302.3089904785	327.2070007324	0.2133979797	0.0000000000	7.0000000000	1.0000000000
151	448.1879882812	302.3089904785	327.2070007324	0.2133979797	0.0000000000	7.0000000000	1.0000000000
151	442.9779968262	296.8210144043	335.8349914551	0.1768302917	0.0000000000	7.0000000000	1.0000000000
152	442.9779968262	296.8210144043	335.8349914551	0.1768302917	0.0000000000	7.0000000000	1.0000000000
152	439.7579956055	292.9909973145	343.3290100098	0.1339139938	0.0000000000	7.0000000000	1.0000000000
153	439.7579956055	292.9909973145	343.3290100098	0.1339139938	0.0000000000	7.0000000000	1.0000000000
153	434.5650024414	291.0840148926	349.5710144043	0.1287121773	0.0000000000	7.0000000000	1.0000000000
154	434.5650024414	291.0840148926	349.5710144043	0.1287121773	0.0000000000	7.0000000000	1.0000000000
154	429.8649902344	288.8649902344	355.8299865723	0.1243810654	0.0000000000	7.0000000000	1.0000000000
155	429.8649902344	288.8649902344	355.8299865723	0.1243810654	0.0000000000	7.0000000000	1.0000000000
155	426.4429931641	287.1099853516	364.2470092773	0.1325843334	0.0000000000	7.0000000000	1.0000000000
156	426.4429931641	287.1099853516	364.2470092773	0.1325843334	0.0000000000	7.0000000000	1.0000000000
156	422.5750122070	284.9979858398	369.9119873047	0.1087472439	0.0000000000	7.0000000000	1.0000000000
157	422.5750122070	284.9979858398	369.9119873047	0.1087472439	0.0000000000	7.0000000000	1.0000000000
157	419.9049987793	281.6329956055	377.8099975586	0.1307258606	0.0000000000	7.0000000000	1.0000000000
158	419.9049987793	281.6329956055	377.8099975586	0.1307258606	0.0000000000	7.0000000000	1.0000000000
158	413.5650024414	278.3259887695	384.6000061035	0.1562128067	0.0000000000	7.0000000000	1.0000000000
159	413.5650024414	278.3259887695	384.6000061035	0.1562128067	0.0000000000	7.0000000000	1.0000000000
159	405.6600036621	270.0239868164	393.4849853516	0.2373154163	0.0000000000	7.0000000000	1.0000000000
160	405.6600036621	270.0239868164	393.4849853516	0.2373154163	0.0000000000	7.0000000000	1.0000000000
160	393.6770019531	265.8559875488	405.1189880371	0.1562201977	0.0000000000	7.0000000000	1.0000000000
161	393.6770019531	265.8559875488	405.1189880371	0.1562201977	0.0000000000	7.0000000000	1.0000000000
161	382.7709960938	259.2900085449	407.2820129395	0.1664702892	0.0000000000	7.0000000000	1.0000000000
162	382.7709960938	259.2900085449	407.2820129395	0.1664702892	0.0000000000	7.0000000000	1.0000000000
162	369.3869934082	250.4609985352	409.2590026855	0.2078964710	0.0000000000	7.0000000000	1.0000000000
163	369.3869934082	250.4609985352	409.2590026855	0.2078964710	0.0000000000	7.0000000000	1.0000000000
163	364.2330017090	242.0910034180	410.6719970703	0.1264386177	0.0000000000	7.0000000000	1.0000000000
164	364.2330017090	242.0910034180	410.6719970703	0.1264386177	0.0000000000	7.0000000000	1.0000000000
164	354.1019897461	229.7980041504	411.2690124512	0.2397193909	0.0000000000	7.0000000000	1.0000000000
165	354.1019897461	229.7980041504	411.2690124512	0.2397193909	0.0000000000	7.0000000000	1.0000000000
165	349.5109863281	220.9080047607	412.9869995117	0.1404190063	0.0000000000	7.0000000000	1.0000000000
166	349.5109863281	220.9080047607	412.9869995117	0.1404190063	0.0000000000	7.0000000000	1.0000000000
166	345.2980041504	214.3289947510	415.2070007324	0.0978791714	0.0000000000	7.0000000000	1.0000000000
167	345.2980041504	214.3289947510	415.2070007324	0.0978791714	0.0000000000	7.0000000000	1.0000000000
167	344.5150146484	204.6900024414	416.5880126953	0.1255583763	0.0000000000	7.0000000000	1.0000000000
168	344.5150146484	204.6900024414	416.5880126953	0.1255583763	0.0000000000	7.0000000000	1.0000000000
168	337.1969909668	191.7239990234	418.7359924316	0.1950906515	0.0000000000	7.0000000000	1.0000000000
169	337.1969909668	191.7239990234	418.7359924316	0.1950906515	0.0000000000	7.0000000000	1.0000000000
169	335.3649902344	183.8910064697	419.4530029297	0.1057903767	0.0000000000	7.0000000000	1.0000000000
170	335.3649902344	183.8910064697	419.4530029297	0.1057903767	0.0000000000	7.0000000000	1.0000000000
170	326.0559997559	171.7760009766	421.5710144043	0.1969140768	0.0000000000	7.0000000000	1.0000000000
171	326.0559997559	171.7760009766	421.5710144043	0.1969140768	0.0000000000	7.0000000000	1.0000000000
171	323.2860107422	158.9270019531	422.9249877930	0.1742240191	0.0000000000	7.0000000000	1.0000000000
172	323.2860107422	158.9270019531	422.9249877930	0.1742240191	0.0000000000	7.0000000000	1.0000000000
172	321.1210021973	153.7180023193	424.3250122070	0.0729525089	0.0000000000	7.0000000000	1.0000000000
173	321.1210021973	153.7180023193	424.3250122070	0.0729525089	0.0000000000	7.0000000000	1.0000000000
173	317.8139953613	151.0269927979	426.9110107422	0.0618032217	0.0000000000	7.0000000000	1.0000000000
174	317.8139953613	151.0269927979	426.9110107422	0.0618032217	0.0000000000	7.0000000000	1.0000000000
174	313.7810058594	144.2790069580	431.3150024414	0.1329158545	0.0000000000	7.0000000000	1.0000000000
175	313.7810058594	144.2790069580	431.3150024414	0.1329158545	0.0000000000	7.0000000000	1.0000000000
175	312.7399902344	140.5359954834	436.5889892578	0.0937893987	0.0000000000	7.0000000000	1.0000000000
176	312.7399902344	140.5359954834	436.5889892578	0.0937893987	0.0000000000	7.0000000000	1.0000000000
176	311.8540039062	134.3390045166	440.8900146484	0.1253563762	0.0000000000	7.0000000000	1.0000000000
177	311.8540039062	134.3390045166	440.8900146484	0.1253563762	0.0000000000	7.0000000000	1.0000000000
177	309.7090148926	128.5339965820	451.3670043945	0.1783864498	0.0000000000	7.0000000000	1.0000000000
178	309.7090148926	128.5339965820	451.3670043945	0.1783864498	0.0000000000	7.0000000000	1.0000000000
178	307.7529907227	125.9329986572	457.5499877930	0.1012874842	0.0000000000	7.0000000000	1.0000000000
179	307.7529907227	125.9329986572	457.5499877930	0.1012874842	0.0000000000	7.0000000000	1.0000000000
179	307.2300109863	120.3990020752	464.6820068359	0.1370401382	0.0000000000	7.0000000000	1.0000000000
180	307.2300109863	120.3990020752	464.6820068359	0.1370401382	0.0000000000	7.0000000000	1.0000000000
180	303.5010070801	113.7600021362	475.0490112305	0.1934248209	0.0000000000	7.0000000000	1.0000000000
181	303.5010070801	113.7600021362	475.0490112305	0.1934248209	0.0000000000	7.0000000000	1.0000000000
181	303.7980041504	111.1770019531	477.5010070801	0.0566769540	0.0000000000	7.0000000000	1.0000000000
182	303.7980041504	111.1770019531	477.5010070801	0.0566769540	0.0000000000	7.0000000000	1.0000000000
182	299.7950134277	108.1900024414	482.5809936523	0.1604881585	0.0000000000	7.0000000000	1.0000000000
183	441.2420043945	589.0999755859	404.7709960938	0.1173653603	0.0000000000	5.0000000000	1.0000000000
183	435.5610046387	598.1010131836	406.4389953613	0.1387038231	0.0000000000	5.0000000000	1.0000000000
184	435.5610046387	598.1010131836	406.4389953613	0.1387038231	0.0000000000	5.0000000000	1.0000000000
184	428.8619995117	609.8980102539	408.0280151367	0.1763398647	0.0000000000	5.0000000000	1.0000000000
185	428.8619995117	609.8980102539	408.0280151367	0.1763398647	0.0000000000	5.0000000000	1.0000000000
185	425.8009948730	616.7410278320	409.0910034180	0.0971629620	0.0000000000	5.0000000000	1.0000000000
186	425.8009948730	616.7410278320	409.0910034180	0.0971629620	0.0000000000	5.0000000000	1.0000000000
186	420.3099975586	628.9749755859	411.3989868164	0.1793622971	0.0000000000	5.0000000000	1.0000000000
187	420.3099975586	628.9749755859	411.3989868164	0.1793622971	0.0000000000	5.0000000000	1.0000000000
187	415.5020141602	637.6079711914	412.0570068359	0.1315447092	0.0000000000	5.0000000000	1.0000000000
188	415.5020141602	637.6079711914	412.0570068359	0.1315447092	0.0000000000	5.0000000000	1.0000000000
188	414.6449890137	648.6279907227	413.2720031738	0.1440972090	0.0000000000	5.0000000000	1.0000000000
189	414.6449890137	648.6279907227	413.2720031738	0.1440972090	0.0000000000	5.0000000000	1.0000000000
189	413.9939880371	660.5839843750	414.8099975586	0.1583571434	0.0000000000	5.0000000000	1.0000000000
190	413.9939880371	660.5839843750	414.8099975586	0.1583571434	0.0000000000	5.0000000000	1.0000000000
190	407.3450012207	668.0159912109	416.2489929199	0.1313806772	0.0000000000	5.0000000000	1.0000000000
191	407.3450012207	668.0159912109	416.2489929199	0.1313806772	0.0000000000	5.0000000000	1.0000000000
191	401.8399963379	679.7700195312	417.2850036621	0.1763815880	0.0000000000	5.0000000000	1.0000000000
192	401.8399963379	679.7700195312	417.2850036621	0.1763815880	0.0000000000	5.0000000000	1.0000000000
192	395.7489929199	690.4349975586	419.3859863281	0.1568527222	0.0000000000	5.0000000000	1.0000000000
193	395.7489929199	690.4349975586	419.3859863281	0.1568527222	0.0000000000	5.0000000000	1.0000000000
193	387.8909912109	701.1459960938	421.2109985352	0.1712959409	0.0000000000	5.0000000000	1.0000000000
194	387.8909912109	701.1459960938	421.2109985352	0.1712959409	0.0000000000	5.0000000000	1.0000000000
194	386.3399963379	704.8189697266	423.4030151367	0.0544432402	0.0000000000	5.0000000000	1.0000000000
195	386.3399963379	704.8189697266	423.4030151367	0.0544432402	0.0000000000	5.0000000000	1.0000000000
195	384.2369995117	711.8439941406	428.8729858398	0.1298213601	0.0000000000	5.0000000000	1.0000000000
196	384.2369995117	711.8439941406	428.8729858398	0.1298213601	0.0000000000	5.0000000000	1.0000000000
196	383.9530029297	714.4719848633	435.7950134277	0.1024577022	0.0000000000	5.0000000000	1.0000000000
197	383.9530029297	714.4719848633	435.7950134277	0.1024577022	0.0000000000	5.0000000000	1.0000000000
197	382.0570068359	721.0419921875	442.3200073242	0.1495804489	0.0000000000	5.0000000000	1.0000000000
198	382.0570068359	721.0419921875	442.3200073242	0.1495804489	0.0000000000	5.0000000000	1.0000000000
198	381.2969970703	724.0070190430	448.6130065918	0.1007544696	0.0000000000	5.0000000000	1.0000000000
199	381.2969970703	724.0070190430	448.6130065918	0.1007544696	0.0000000000	5.0000000000	1.0000000000
199	378.8110046387	727.6489868164	456.2409973145	0.1288798600	0.0000000000	5.0000000000	1.0000000000
200	378.8110046387	727.6489868164	456.2409973145	0.1288798600	0.0000000000	5.0000000000	1.0000000000
200	373.2735900879	733.8356933594	466.0287170410	0.1968199462	0.0000000000	5.0000000000	1.0000000000
